# name: XY
# type: matrix
# rows: 11000
# columns: 204
